0
2002
5839
7007
9509
10510
11302
13596
16725
17559
20603
21688
23606
26401
28361
30405
31823
33491
35702
39748
43585
47881
50008
53845
57349
58141
62854
66275
70112
73907
75325
79121
80247
82583
86378
91258
95053
96430
100058
103896
105939
107483
111320
114490
118327
122081
125918
127294
131131
134969
138806
141642
143143
144395
148190
150275
154071
157908
158993
162454
167167
171630
175467
178345
182850
186687
190525
192235
195446
199283
201494
204997
206958
210795
214590
218428
220638
221097
223391
226477
229063
231441
233484
237321
240366
241951
245788
249626
251294
256090
257550
261304
263640
267477
269229
273066
276069
279197
283034
286454
290292
294129
298300
299760
302679
306892
307518
309686
313190
317027
319863
323701
327538
330666
334503
336255
340092
343930
347767
349143
351646
353981
356776
358277
363699
367036
370873
375461
378214
382051
382718
385096
388933
392728
396565
398901
401696
402989
404824
406117
409287
410121
412915
415376
416377
419005
421549
425344
426721
429348
432601
434478
437148
438190
440443
443446
444572
448409
453581
455833
457126
458586
461422
463466
465551
466844
468220
470431
473893
477730
479732
481525
484070
487907
491745
495582
499336
500796
504383
508220
512058
515895
518106
521943
525781
528992
531536
535373
539211
541421
543090
544800
548637
549805
553642
556895
560732
564528
566321
568865
572911
575831
577207
579543
581086
586216
589427
591513
593557
595433
597435
599354
601398
603650
607154
609531
611032
615620
617372
621126
624963
627090
629050
632888
635348
639060
641396
642981
645609
647736
648862
651489
655076
656953
659289
662334
663877
667589
668840
671509
673094
675096
678350
680977
683021
684981
687651
690487
692113
692822
694866
697661
700413
702249
706086
708588
712426
714261
716138
717848
719474
723311
725814
729651
730944
734656
736616
737951
740662
742080
745041
748295
750755
752215
753884
755719
758138
759181
761433
763351
764936
767272
770317
772319
773653
776364
780160
781328
785165
789086
792381
796218
800013
802099
803392
805394
807813
809481
813110
815529
819825
821118
824204
825997
827874
830502
831628
835424
839219
843056
846685
848019
851857
853066
857612
861408
864119
865454
868290
871585
875380
879593
881928
885724
889519
892981
896067
900864
901364
904075
905577
909331
912167
914294
915879
919716
921426
924847
928642
931770
935607
937735
941030
944867
946076
947995
950164
953918
957171
960257
964094
967598
971435
973145
974104
977441
981237
984073
986867
988953
992790
996919
1000756
1004552
1005928
1007805
1011517
1013894
1017731
1021944
1025614
1029451
1033289
1037126
1040796
1044592
1046969
1049680
1053517
1056103
1058939
1062777
1064904
1068741
1070993
1073829
1077667
1080586
1083631
1086425
1089929
1090554
1093641
1094558
1097687
1098646
1100648
1104944
1106070
1108698
1111075
1112201
1115871
1118582
1120626
1122169
1125756
1128300
1130553
1134098
1137435
1140938
1144775
1147069
1150823
1153325
1156996
1160833
1162501
1166338
1169383
1173220
1175014
1178642
1180770
1185816
1189653
1191113
1194408
1196994
1200581
1203626
1205419
1207296
1210800
1214595
